1000100100110011010010100111011001000111011111010010110000101111000000000000111000111100011010110000000110110000011100110110111100100000011101000110100001100001011101000010110000100000011100110110111101101101011001010111010001101001011011010110010101110011001000000110001001101100011011110110001101101011011001010110010000100000011010010110111000101100001000000111001101101111011011010110010101110100011010010110110101100101011100110010000001110010011001010110000101100011011010000110100101101110011001110010000001101111011101010111010000101100
11110001011011100011000011011011000110001110111010000101010111100000000000000110001010101011000100000001010110000100000101101110011001000010000001101111011001100111010011100010100000001001100100100000011010010111001100100000011010000110100101110011001000000110011101101111011011000110010000100000011000110110111101101101011100000110110001100101011110000110100101101111011011100010000001100100011010010110110101101101111000101000000010011001011001000011101100000000
101101101010100010111110101010001110000110110100001111011111000000000000000001010000011000111001000000010001000001000001011011100110010000100000011100110111011101100101011001010111010001100101011100110111010000100000011010010110111000100000011101000110100001100101001000000110011101100001011011000110010100100000011010010111001100100000011010000110010101100001011100100110010000111011
10001001001100110100101001110110010001110111110100101100001011110000000000000111010010000101001100000001011000000110110001100101011000010111011001101001011011100110011100100000011110010110111101110101001011000010000001101110011011110111010000100000011100100110010101100001011011000110110001111001001000000110001001100101011011000110111101101110011001110110100101101110011001110010000001110100011011110010000001100101011010010111010001101000011001010111001000101100
10001001001100110100101001110110010001110111110100101100001011110000000000000101011101100000110100000001100100000110111101101110011001010010000001110000011000010111001001110100001000000110001101101100011010010110110101100010011100110010000001110100011011110111011101100001011100100110010000100000011010000110010101100001011101100110010101101110001011000010000001101111011011100110010100100000011100110110100101101110011010110111001100100000011101000110111100100000011001010110000101110010011101000110100000101110
10110110101010001011111010101000111000011011010000111101111100000000000000001010001110100101111000000000110010000100000101101110011001000010000001101111011011100010000001110100011010000110010100100000011100110111010001110010011000010110111001100111011001010111001101110100001000000111001101100101011000010011101100000000
10110110101010001011111010101000111000011011010000111101111100000000000000000010111010001011010100000000110010000101010001101000011000010111010000100000011100000110010101110010011000110110100001100101011100110010000001101001011011100010000001110100011010000110010100100000011100110110111101110101011011000010110000000000
10110110101010001011111010101000111000011011010000111101111100000000000000000001010000001011110100000000111110000100100001101111011100000110010100100000011010010111001100100000011101000110100001100101001000000111010001101000011010010110111001100111001000000111011101101001011101000110100000100000011001100110010101100001011101000110100001100101011100100111001100000000
1000100100110011010010100111011001000111011111010010110000101111000000000000000010010001000111000000000000110000010100110111010101101110011100110110010101110100
0000111101011010111101111010111011000000100000100000101011101101000000000000100101111010110000100000000110101000010010010110011000100000011110010110111101110101001000000110001101100001011011100010000001100100011100100110010101100001011011010010000011100010100000001001010000100000011000010110111001100100001000000110111001101111011101000010000001101101011000010110101101100101001000000110010001110010011001010110000101101101011100110010000001111001011011110111010101110010001000000110110101100001011100110111010001100101011100100011101100000000
0000111101011010111101111010111011000000100000100000101011101101000000000000010010110011000100010000000101010000010000100111010101110100001000000110110101100001011010110110010100100000011000010110110001101100011011110111011101100001011011100110001101100101001000000110011001101111011100100010000001110100011010000110010101101001011100100010000001100100011011110111010101100010011101000110100101101110011001110010000001110100011011110110111100111011
101011000110100101011001000101111011100101001011110100001001011100000000000000011011100111011001000000010100000001010011011001010110000101110011011011110110111000100000011011110110011000100000011011010110100101110011011101000111001100100000011000010110111001100100001000000110110101100101011011000110110001101111011101110010000001100110011100100111010101101001011101000110011001110101011011000110111001100101011100110111001100101100
111100010110111000110000110110110001100011101110100001010101111000000000000000001011111110011101000000000100100001010011011011110110111001101110011001010111010000100000001100010011100000000000
1000100100110011010010100111011001000111011111010010110000101111111111111111000010111000101110000000000000000000
1111000101101110001100001101101100011000111011101000010101011110000000000000111010101111010111110000000110000000010100110110111100100000011011000110111101101110011001110010000001101100011010010111011001100101011100110010000001110100011010000110100101110011001011000010000001100001011011100110010000100000011101000110100001101001011100110010000001100111011010010111011001100101011100110010000001101100011010010110011001100101001000000111010001101111001000000111010001101000011001010110010100101110
00001111010110101111011110101110110000001000001000001010111011010000000000001101111100000110010000000001100010000100100101100110001000000111100101101111011101010010000001100011011000010110111000100000011000100110010101100001011100100010000001110100011011110010000001101000011001010110000101110010001000000111010001101000011001010010000001110100011100100111010101110100011010000010000001111001011011110111010111100010100000001001100101110110011001010010000001110011011100000110111101101011011001010110111000000000
1011011010101000101111101010100011100001101101000011110111110000000000000000110011100101000011100000000010111000010010010111010000100000011000010111001101101011011001010110010000100000011000010010000001100011011100100111010101101101011000100010000001101111011001100010000001101101011001010010111000000000
00001111010110101111011110101110110000001000001000001010111011010000000000000011010111101100110000000001100010000100100101100110001000000111100101101111011101010010000001100011011000010110111000100000011101000111001001110101011100110111010000100000011110010110111101110101011100100111001101100101011011000110011000100000011101110110100001100101011011100010000001100001011011000110110000100000011011010110010101101110001000000110010001101111011101010110001001110100001000000111100101101111011101010010110000000000
1000100100110011010010100111011001000111011111010010110000101111000000000000011010111000101000110000000000000000
11110001011011100011000011011011000110001110111010000101010111100000000000001101110110110011111000000001011000000101001101101111001000000110110001101111011011100110011100100000011000010111001100100000011011010110010101101110001000000110001101100001011011100010000001100010011100100110010101100001011101000110100001100101001011000010000001101111011100100010000001100101011110010110010101110011001000000110001101100001011011100010000001110011011001010110010100101100
0000111101011010111101111010111011000000100000100000101011101101000000000001010101110011101001010000000101111000010010010110011000100000011110010110111101110101001000000110001101100001011011100010000001100110011011110111001001100011011001010010000001111001011011110111010101110010001000000110100001100101011000010111001001110100001000000110000101101110011001000010000001101110011001010111001001110110011001010010000001100001011011100110010000100000011100110110100101101110011001010111011100000000
11110001011011100011000011011011000110001110111010000101010111100000000000001001011000100110110100000001001010000100001001110101011101000010000001110100011010000111100100100000011001010111010001100101011100100110111001100001011011000010000001010011011101010110110101101101011001010111001000100000011100110110100001100001011011000110110000100000011011100110111101110100001000000110011001100001011001000110010100000000
1010110001101001010110010001011110111001010010111101000010010111000000000001000011000010110101010000000101010000010011110111001000100000011011110110111000100000011000010010000001101000011000010110110001100110001011010111001001100101011000010111000011100010100000001001100101100100001000000110011001110101011100100111001001101111011101110010000001110011011011110111010101101110011001000010000001100001011100110110110001100101011001010111000000101100
10110110101010001011111010101000111000011011010000111101111100000000000000000000101000001111111000000000111110000100100001101111011100000110010100100000010010010111001100100000010101000110100001100101001000000101010001101000011010010110111001100111001000000101011101101001011101000110100000100000010001100110010101100001011101000110100001100101011100100111001100000000
1010110001101001010110010001011110111001010010111101000010010111000000000000110010111111110001010000000101010000010101110110100001101111001000000110100001100001011101000110100000100000011011100110111101110100001000000111001101100101011001010110111000100000011101000110100001100101011001010010000001101111011001100111010000100000011000010110110101101001011001000010000001110100011010000111100100100000011100110111010001101111011100100110010100111111
10110110101010001011111010101000111000011011010000111101111100000000000000000110111000100011111100000000110100000100000101101110011001000010000001110011011011110111001001100101001000000110110101110101011100110111010000100000011000100110010100100000011101000110100001100101001000000111001101110100011011110111001001101101
0000111101011010111101111010111011000000100000100000101011101101111111111110100000101101100111100000000000000000
1010110001101001010110010001011110111001010010111101000010010111000000000000111001011101001011100000000101001000010101000110100001100101011001010010000001110011011010010111010001110100011010010110111001100111001000000110001101100001011100100110010101101100011001010111001101110011001000000110111101101110001000000110000100100000011001110111001001100001011011100110000101110010011110010010000001100110011011000110111101101111011100100010110000000000
10101100011010010101100100010111101110010100101111010000100101110000000000010111010111010111110100000001100100000101011101101000011001010111001001100101001000000110000101110010011001010010000001110100011010000110010100100000011100110110111101101110011001110111001100100000011011110110011000100000010100110111000001110010011010010110111001100111001111110010000001000001011110010010110000100000011101110110100001100101011100100110010100100000011000010111001001100101001000000111010001101000011001010111100100111111
1111000101101110001100001101101100011000111011101000010101011110000000000000010100111000110001000000000101010000010100110110111101101101011001010111010001101001011011010110010100100000011101000110111101101111001000000110100001101111011101000010000001110100011010000110010100100000011001010111100101100101001000000110111101100110001000000110100001100101011000010111011001100101011011100010000001110011011010000110100101101110011001010111001100101100
11110001011011100011000011011011000110001110111010000101010111100000000000000111001011100011111000000001010110000100000101101110011001000010000001100101011101100110010101110010011110010010000001100110011000010110100101110010001000000110011001110010011011110110110100100000011001100110000101101001011100100010000001110011011011110110110101100101011101000110100101101101011001010010000001100100011001010110001101101100011010010110111001100101011100110010110000000000
1000100100110011010010100111011001000111011111010010110000101111000000000000001110111000101001100000000000000000
101011000110100101011001000101111011100101001011110100001001011100000000000011011001100101011011000000010011100001010011011011110110110101100101011101000110100101101101011001010111001100100000011101110110100001101111011001010111011001100101011100100010000001110011011001010110010101101011011100110010000001100001011000100111001001101111011000010110010000100000011011010110000101111001001000000110011001101001011011100110010000000000
000011110101101011110111101011101100000010000010000010101110110100000000000100010010111011010101000000010110100001001001011001100010000001111001011011110111010100100000011000110110000101101110001000000110110101100001011010110110010100100000011011110110111001100101001000000110100001100101011000010111000000100000011011110110011000100000011000010110110001101100001000000111100101101111011101010111001000100000011101110110100101101110011011100110100101101110011001110111001100000000
1010110001101001010110010001011110111001010010111101000010010111111111111110100001110000101100100000000000000000
10001001001100110100101001110110010001110111110100101100001011110000000000000100110100011001001100000001100100000101100101101111011101010010000001101100011011110110111101101011001011000010000001100001011011100110010000100000011100110110111101101111011011100010000001110100011010000110010101110011011001010010000001110100011101110110111100100000011101110110111101110010011011000110010001110011001000000110001001101111011101000110100000100000011011000110010101100001011101100110010100100000011110010110111101110101
1010110001101001010110010001011110111001010010111101000010010111000000000000010000001101101010100000000110101000010101110110100101110100011010000010000001100110011100100111010101101001011101000010000001110100011010000110010100100000011101100110100101101110011001010111001100100000011101000110100001100001011101000010000001110010011011110111010101101110011001000010000001110100011010000110010100100000011101000110100001100001011101000110001101101000001011010110010101100001011101100110010101110011001000000111001001110101011011100011101100000000
00001111010110101111011110101110110000001000001000001010111011010000000000000001000100000110101100000001011000000100100101100110001000000111100101101111011101010010000001100011011000010110111000100000011010110110010101100101011100000010000001111001011011110111010101110010001000000110100001100101011000010110010000100000011101110110100001100101011011100010000001100001011011000110110000100000011000010110001001101111011101010111010000100000011110010110111101110101
00001111010110101111011110101110110000001000001000001010111011010000000000010011110011100110011000000001011000000100000101101110011001000010000001101100011011110111001101100101001011000010000001100001011011100110010000100000011100110111010001100001011100100111010000100000011000010110011101100001011010010110111000100000011000010111010000100000011110010110111101110101011100100010000001100010011001010110011101101001011011100110111001101001011011100110011101110011
00001111010110101111011110101110110000001000001000001010111011010000000000001110011100000101011100000001010110000101010001110111011010010111001101110100011001010110010000100000011000100111100100100000011010110110111001100001011101100110010101110011001000000111010001101111001000000110110101100001011010110110010100100000011000010010000001110100011100100110000101110000001000000110011001101111011100100010000001100110011011110110111101101100011100110010110000000000
111100010110111000110000110110110001100011101110100001010101111000000000000010000011011010000011000000011010000001000010011110010010000001100011011010000110000101101110011000110110010100100000011011110111001000100000011011100110000101110100011101010111001001100101111000101000000010011001011100110010000001100011011010000110000101101110011001110110100101101110011001110010000001100011011011110111010101110010011100110110010100100000011101010110111001110100011100100110100101101101011011011110001010000000100110010110010000111010
10001001001100110100101001110110010001110111110100101100001011110000000000001010110000011000100000000001011000000111010001101000011000010111010000100000011101000111010101110010011011100111001100100000011101000110111100100000011000010010000001110011011101000110000101110010001000000110010101100001011000110110100000100000011011100110100101100111011010000111010000100000011000010110111001100100001000000110001101101100011010010110110101100010011100110010110100101101
1010110001101001010110010001011110111001010010111101000010010111000000000000100000001010111101010000000101001000010101110110100101110100011010000010000001100001001000000111001101110111011001010110010101110100001000000110101101100101011100100110111001100101011011000011101100100000011101000110111100100000011100110110010101110100001000000110001001110101011001000110010001101001011011100110011100100000011011010110111101110010011001010010110000000000
1111000101101110001100001101101100011000111011101000010101011110111111111111000100111111011101110000000000000000
1010110001101001010110010001011110111001010010111101000010010111000000000000010100000001010110000000000101111000010101000110111100100000011000100110010101101110011001000010000001110111011010010111010001101000001000000110000101110000011100000110110001100101011100110010000001110100011010000110010100100000011011010110111101110011011100111110001010000000100110010110010000100000011000110110111101110100011101000110000101100111011001010010110101110100011100100110010101100101011100110010110000000000
111100010110111000110000110110110001100011101110100001010101111000000000000000110101000011011010000000010110100001010010011011110111010101100111011010000010000001110111011010010110111001100100011100110010000001100100011011110010000001110011011010000110000101101011011001010010000001110100011010000110010100100000011001000110000101110010011011000110100101101110011001110010000001100010011101010110010001110011001000000110111101100110001000000100110101100001011110010010110000000000
10001001001100110100101001110110010001110111110100101100001011110000000000001111010010111011100100000001111010000110111101101110011001010010000001101101011011110110110101100101011011100111010000100000011110010110111101110101011100100010000001101100011010010110011001100101001000000110100101110011001000000110000100100000011100110111010001101111011011100110010100100000011010010110111000100000011110010110111101110101001011000010000001100001011011100110010000100000011101000110100001100101001000000110111001100101011110000111010000101100001000000110000100100000011100110111010001100001011100100010111000000000
10101100011010010101100100010111101110010100101111010000100101110000000000001001110011010110010100000001010110000100000101101110011001000010000001110011011101000110100101101100011011000010000001101101011011110111001001100101001011000010000001101100011000010111010001100101011100100010000001100110011011000110111101110111011001010111001001110011001000000110011001101111011100100010000001110100011010000110010100100000011000100110010101100101011100110010110000000000
10110110101010001011111010101000111000011011010000111101111100000000000000001011000000101001110100000000110010000101100101100101011101000010110000100000011011100110010101110110011001010111001000101100001000000110100101101110001000000110010101111000011101000111001001100101011011010110100101110100011110010010110000000000
10101100011010010101100100010111101110010100101111010000100101110000000000010011011111000100011100000001010110000100000101101110011001000010000001110011011011110110110101100101011101000110100101101101011001010111001100100000011011000110100101101011011001010010000001100001001000000110011101101100011001010110000101101110011001010111001000100000011101000110100001101111011101010010000001100100011011110111001101110100001000000110101101100101011001010111000000000000
10101100011010010101100100010111101110010100101111010000100101110000000000001111110110011101011000000001010110000101010001101000011110010010000001101000011000010110100101110010001000000111001101101111011001100111010000101101011011000110100101100110011101000110010101100100001000000110001001111001001000000111010001101000011001010010000001110111011010010110111001101110011011110111011101101001011011100110011100100000011101110110100101101110011001000011101100000000
10110110101010001011111010101000111000011011010000111101111100000000000000000111000000001010100100000001000000000101010001101000011000010111010000100000011000110110111101110101011011000110010000100000011000010110001001100001011100110110100000100000011101000110100001100101001000000110110001101001011101000111010001101100011001010010000001100010011010010111001001100100
00001111010110101111011110101110110000001000001000001010111011010000000000010000001010100010111100000001100010000100000101101110011001000010000001110011011101000110111101101111011100000010000001100001011011100110010000100000011000100111010101101001011011000110010000100000111000101000000010011001011001010110110100100000011101010111000000100000011101110110100101110100011010000010000001110111011011110111001001101110001011010110111101110101011101000010000001110100011011110110111101101100011100110011101000000000
0000111101011010111101111010111011000000100000100000101011101101000000000001010000101110001010010000000101001000010000010110111001100100001000000110111001100101011101100110010101110010001000000110001001110010011001010110000101110100011010000110010100100000011000010010000001110111011011110111001001100100001000000110000101100010011011110111010101110100001000000111100101101111011101010111001000100000011011000110111101110011011100110011101100000000
1000100100110011010010100111011001000111011111010010110000101111000000000000110000100101011110100000000110110000011011000110010101100001011101100110100101101110011001110010000001111001011011110111010100100000001010000110100101110100001000000110100101110011001000000110100101101101011100000110111101110011011100110110100101100010011011000110010100100000011101000110111100100000011101010110111001110100011000010110111001100111011011000110010100100000011101000110100001100101001000000111010001101000011100100110010101100001011001000111001100101001
00001111010110101111011110101110110000001000001000001010111011010000000000000111101001101000111100000001010110000100111101110010001000000110001001100101011010010110111001100111001000000110100001100001011101000110010101100100001011000010000001100100011011110110111011100010100000001001100101110100001000000110011101101001011101100110010100100000011101110110000101111001001000000111010001101111001000000110100001100001011101000110100101101110011001110010110000000000
1010110001101001010110010001011110111001010010111101000010010111000000000000001101011100010000010000000101001000010000110110111101101110011100110111000001101001011100100110100101101110011001110010000001110111011010010111010001101000001000000110100001101001011011010010000001101000011011110111011100100000011101000110111100100000011011000110111101100001011001000010000001100001011011100110010000100000011000100110110001100101011100110111001100000000
101011000110100101011001000101111011100101001011110100001001011100000000000001111101010111110011000000010111000001010100011011110010000001110011011101110110010101101100011011000010000001110100011010000110010100100000011001110110111101110101011100100110010000101100001000000110000101101110011001000010000001110000011011000111010101101101011100000010000001110100011010000110010100100000011010000110000101111010011001010110110000100000011100110110100001100101011011000110110001110011
1000100100110011010010100111011001000111011111010010110000101111000000000000001000000101110101110000000101010000011101110110100001101001011000110110100000100000011010010111010000100000011100000110000101110011011100110110010101110011001000000111010001101111001000000110000100100000011100100110111101110111001000000110111101100110001000000110000101101110011000110110100101100101011011100111010000100000011101000111001001100101011001010111001100101110
11110001011011100011000011011011000110001110111010000101010111100000000000001010110010111111001100000001011000000100111001101111011100100010000001101100011011110111001101100101001000000111000001101111011100110111001101100101011100110111001101101001011011110110111000100000011011110110011000100000011101000110100001100001011101000010000001100110011000010110100101110010001000000111010001101000011011110111010100100000011011110111011101100101011100110111010000111011
1011011010101000101111101010100011100001101101000011110111110000111111111111001101101011000101010000000000000000
10101100011010010101100100010111101110010100101111010000100101110000000000010010001100010001010100000001100010000101001101110000011000010111001001100101011100110010000001110100011010000110010100100000011011100110010101111000011101000010000001110011011101110110000101110100011010000010000001100001011011100110010000100000011000010110110001101100001000000110100101110100011100110010000001110100011101110110100101101110011001010110010000100000011001100110110001101111011101110110010101110010011100110011101000000000
111100010110111000110000110110110001100011101110100001010101111000000000000000100001000101101001000000010100000001010100011010000110111101110101001000000110000101110010011101000010000001101101011011110111001001100101001000000110110001101111011101100110010101101100011110010010000001100001011011100110010000100000011011010110111101110010011001010010000001110100011001010110110101110000011001010111001001100001011101000110010100111010
10101100011010010101100100010111101110010100101111010000100101110000000000010001111001100011011100000001100100000100010001110010011011110111011101110011111000101000000010011001011001000010000001110111011010010111010001101000001000000111010001101000011001010010000001100110011101010110110101100101001000000110111101100110001000000111000001101111011100000111000001101001011001010111001100101100001000000111011101101000011010010110110001100101001000000111010001101000011110010010000001101000011011110110111101101011
100010010011001101001010011101100100011101111101001011000010111100000000000011011110100000110011000000011001100001111001011011110111010101110010001000000110111101110111011011100010000001101100011010010110011001100101001011000010000001110100011010010110110101101001011001000010000001100001011011100110010000100000011100110111010001100001011011100110010001101001011011100110011100100000011010000110100101100111011010000010000001100001011011100110010000100000011001110111001001101111011101110110100101101110011001110010110000000000
10101100011010010101100100010111101110010100101111010000100101110000000000010100010100110001010100000001001010000101001101110100011001010110000101100100011110010010000001110100011010000111100100100000011011000110000101100100011001010110111000100000011010000110010101100001011001000010000001100001011000110111001001101111011100110111001100100000011000010010000001100010011100100110111101101111011010110011101100000000
00001111010110101111011110101110110000001000001000001010111011010000000000000101100101100011100000000001011000000100100101100110001000000111100101101111011101010010000001100011011000010110111000100000011101110110000101101001011101000010000001100001011011100110010000100000011011100110111101110100001000000110001001100101001000000111010001101001011100100110010101100100001000000110001001111001001000000111011101100001011010010111010001101001011011100110011100101100
101011000110100101011001000101111011100101001011110100001001011100000000000000001010001011000000000000000100100001010100011011110010000001000001011101010111010001110101011011010110111000000000
000011110101101011110111101011101100000010000010000010101110110100000000000000101001000101101110000000010100000001000001011100100110010100100000011011000110111101110011011010010110111001100111001000000111010001101000011001010110100101110010011100110010000001100001011011100110010000100000011000100110110001100001011011010110100101101110011001110010000001101001011101000010000001101111011011100010000001111001011011110111010100101100
1011011010101000101111101010100011100001101101000011110111110000000000000000100000110100001101100000000010111000010101000110100001100001011101000010000001101011011001010111000001110100001000000111001101101111001000000110110101100001011011100111100100100000011101110110000101110010011011010010111000000000
10001001001100110100101001110110010001110111110100101100001011110000000000000001011001110000101100000001100010000101001101101100011011110111011101101100011110010010000001110100011010000110010100100000011101110110010101110011011101000010000001110010011001010110000101100011011010000110010101110011001000000110011001101111011100100010000001100011011011000110111101110100011010000110010101110011001000000110111101100110001000000110111001100101011101110010000001100011011011110110110001101111011100100111001100000000
000011110101101011110111101011101100000010000010000010101110110100000000000010101010000111101000000000011010000001001001011001100010000001111001011011110111010100100000011000110110000101101110001000000111010001101000011010010110111001101011001000001110001010000000100101000010000001100001011011100110010000100000011011100110111101110100001000000110110101100001011010110110010100100000011101000110100001101111011101010110011101101000011101000111001100100000011110010110111101110101011100100010000001100001011010010110110100111011
101011000110100101011001000101111011100101001011110100001001011100000000000101011110100111101001000000010011100001001111011100100010000001100010011110010010000001100001001000000110001101101001011001000110010101110010001011010111000001110010011001010111001101110011001011000010000001110111011010010111010001101000001000000111000001100001011101000110100101100101011011100111010000100000011011000110111101101111011010110010110000000000
100010010011001101001010011101100100011101111101001011000010111100000000000010000000110001101011000000011010000001101110011011110111010000100000011100110110111100100000011010000110111101110000011001010110110001100101011100110111001101101100011110010010000001100100011000010111001001101011001000000110000101110011001000000111010001101000011000010111010000100000011010000110111101110101011100110110010100100000011101000110100001100001011101000010000001101001011100110010000001110011011010010110110001100101011011100111010000101100
1000100100110011010010100111011001000111011111010010110000101111000000000000100110001011101100000000000110110000011011100110111101110100001000000111001101101111001000000111010101101110011100110111011101100101011100100111011001101001011011100110011101101100011110010010000001100111011010010111011001100101011011100010000001110100011011110010000001110100011010000110010100100000011001010111010001100101011100100110111001100001011011000010000001100001011100110010000001110100011010000110000101110100001000000111010001101000011010010110111001100111
00001111010110101111011110101110110000001000001000001010111011010000000000001100100011100100000000000001011000000100000101101110011001000010000001110100011100100110010101100001011101000010000001110100011010000110111101110011011001010010000001110100011101110110111100100000011010010110110101110000011011110111001101110100011011110111001001110011001000000110101001110101011100110111010000100000011101000110100001100101001000000111001101100001011011010110010100111011
00001111010110101111011110101110110000001000001000001010111011010000000000010111001011001001111000000001010110000100000101101110011001000010000001110011011011110010000001101000011011110110110001100100001000000110111101101110001000000111011101101000011001010110111000100000011101000110100001100101011100100110010100100000011010010111001100100000011011100110111101110100011010000110100101101110011001110010000001101001011011100010000001111001011011110111010100000000
10110110101010001011111010101000111000011011010000111101111100000000000000001001111100100000100100000001001010000100100111100010100000001001100101110110011001010010000001101000011001010110000101110010011001000010000001101001011101000010000001101001011011100010000001110100011010000110010100100000011000110110100001101001011011000110110001101001011001010111001101110100001000000110110001100001011011100110010000000000
00001111010110101111011110101110110000001000001000001010111011010000000000001111011001101010101000000001100100000100111101110010001000000111011101100001011101000110001101101000001000000111010001101000011001010010000001110100011010000110100101101110011001110111001100100000011110010110111101110101001000000110011101100001011101100110010100100000011110010110111101110101011100100010000001101100011010010110011001100101001000000111010001101111001011000010000001100010011100100110111101101011011001010110111000101100
00001111010110101111011110101110110000001000001000001010111011010000000000000000111001000001000000000000000100000100100101100110
11110001011011100011000011011011000110001110111010000101010111100000000000001100000000000100110100000001010110000101011101101000011001010110111000100000011010010110111000100000011001010111010001100101011100100110111001100001011011000010000001101100011010010110111001100101011100110010000001110100011011110010000001110100011010010110110101100101001000000111010001101000011011110111010100100000011001110111001001101111011101110110010101110011011101000011101000000000
00001111010110101111011110101110110000001000001000001010111011010000000000001000111010111101010000000001100010000100000101101110011001000010000001111001011001010111010000100000011001000110111101101110111000101000000010011001011101000010000001101100011011110110111101101011001000000111010001101111011011110010000001100111011011110110111101100100001011000010000001101110011011110111001000100000011101000110000101101100011010110010000001110100011011110110111100100000011101110110100101110011011001010011101000000000
0000111101011010111101111010111011000000100000100000101011101101000000000000011001010001011110110000000101010000010011110111001000100000011000100110010101101001011011100110011100100000011011000110100101100101011001000010000001100001011000100110111101110101011101000010110000100000011001000110111101101110111000101000000010011001011101000010000001100100011001010110000101101100001000000110100101101110001000000110110001101001011001010111001100101100
1011011010101000101111101010100011100001101101000011110111110000000000000000010011111011100010110000000010111000010000010110111001100100001000000110111001100101011101100110010101110010001000000111001101110100011011110111000001110011001000000110000101110100001000000110000101101100011011000010111000000000
11110001011011100011000011011011000110001110111010000101010111100000000000001011001110110010100100000001100010000100111001101111011100100010000001110011011010000110000101101100011011000010000001000100011001010110000101110100011010000010000001100010011100100110000101100111001000000111010001101000011011110111010100100000011101110110000101101110011001000110010101110010011001010111001101110100001000000110100101101110001000000110100001101001011100110010000001110011011010000110000101100100011001010010110000000000
101011000110100101011001000101111011100101001011110100001001011100000000000101101110010101000001000000010111000001010100011010000110111101110101001000000111011101100001011101000110001101101000011001010111001101110100001000000111010001101000011001010010000001101100011000010111001101110100001000000110111101101111011110100110100101101110011001110111001100100000011010000110111101110101011100100111001100100000011000100111100100100000011010000110111101110101011100100111001100101110
101011000110100101011001000101111011100101001011110100001001011100000000000001100011110100000101000000010110100001000001011011100110010000100000011001100110100101101100011011000010000001100001011011000110110000100000011001100111001001110101011010010111010000100000011101110110100101110100011010000010000001110010011010010111000001100101011011100110010101110011011100110010000001110100011011110010000001110100011010000110010100100000011000110110111101110010011001010011101100000000
10101100011010010101100100010111101110010100101111010000100101110000000000001010001001000011101100000001011000000101010101101110011101000110100101101100001000000111010001101000011001010111100100100000011101000110100001101001011011100110101100100000011101110110000101110010011011010010000001100100011000010111100101110011001000000111011101101001011011000110110000100000011011100110010101110110011001010111001000100000011000110110010101100001011100110110010100101100
1111000101101110001100001101101100011000111011101000010101011110000000000000000100001110111011100000000101001000010100110110100001100001011011000110110000100000010010010010000001100011011011110110110101110000011000010111001001100101001000000111010001101000011001010110010100100000011101000110111100100000011000010010000001010011011101010110110101101101011001010111001011100010100000001001100101110011001000000110010001100001011110010011111100000000
101011000110100101011001000101111011100101001011110100001001011100000000000010110100001010110000000000011001100001000110011011110111001000100000010100110111010101101101011011010110010101110010001000000110100001100001011100110010000001101111111000101000000010011001011001010111001000101101011000100111001001101001011011010110110111100010100000001001100101100100001000000111010001101000011001010110100101110010001000000110001101101100011000010110110101101101011110010010000001100011011001010110110001101100011100110010111000000000
0000111101011010111101111010111011000000100000100000101011101101000000000000101100010010010111110000000101001000010010010110011000100000011110010110111101110101001000000110001101100001011011100010000001101101011001010110010101110100001000000111011101101001011101000110100000100000010101000111001001101001011101010110110101110000011010000010000001100001011011100110010000100000010001000110100101110011011000010111001101110100011001010111001000000000
1000100100110011010010100111011001000111011111010010110000101111000000000000101110111000100111100000000000000000
0000111101011010111101111010111011000000100000100000101011101101000000000001001000000001011000010000000101010000010000010110111001100100001000000111001001101001011100110110101100100000011010010111010000100000011011110110111000100000011011110110111001100101001000000111010001110101011100100110111000100000011011110110011000100000011100000110100101110100011000110110100000101101011000010110111001100100001011010111010001101111011100110111001100101100
1111000101101110001100001101101100011000111011101000010101011110000000000000010010010110111001010000000101111000010000010110111001100100001000000101001101110101011011010110110101100101011100101110001010000000100110010111001100100000011011000110010101100001011100110110010100100000011010000110000101110100011010000010000001100001011011000110110000100000011101000110111101101111001000000111001101101000011011110111001001110100001000000110000100100000011001000110000101110100011001010011101000000000
00001111010110101111011110101110110000001000001000001010111011010000000000010110010100011101001000000001011000000101010001101111001000000111001101100101011100100111011001100101001000000111100101101111011101010111001000100000011101000111010101110010011011100010000001101100011011110110111001100111001000000110000101100110011101000110010101110010001000000111010001101000011001010111100100100000011000010111001001100101001000000110011101101111011011100110010100101100
10110110101010001011111010101000111000011011010000111101111100000000000000000011101000011111010000000001001010000100000101101110011001000010000001110011011010010110111001100111011100110010000001110100011010000110010100100000011101000111010101101110011001010010000001110111011010010111010001101000011011110111010101110100001000000111010001101000011001010010000001110111011011110111001001100100011100110010110000000000
101011000110100101011001000101111011100101001011110100001001011100000000000000101110001001110110000000010011100001000011011011000110111101110011011001010010000001100010011011110111001101101111011011010010110101100110011100100110100101100101011011100110010000100000011011110110011000100000011101000110100001100101001000000110110101100001011101000111010101110010011010010110111001100111001000000111001101110101011011100011101100000000